Average_iou:0.9163906617192331
Average_dice:0.9556658008658001
Average_Accuracy:0.998814162028458
Average_recall:0.9632149041434748
Average_precision:0.9490465058750777