iou:0.06364397952738803
diceloss:0.9999948818359414

