Average_iou:0.05527333333333333
Average_dice:0.09743666666666669
Average_diceloss:0.9025633333333335
Average_recall:0.08565000000000002
Average_precision:0.2289733333333334