Average_iou:0.24441640102827764
Average_dice:0.311051568123393
Average_Accuracy:0.995571619537275
Average_recall:0.37609264781490953
Average_precision:0.2961066838046274