Average_iou:0.08297848604493627
Average_dice:0.1412738477803928
Average_diceloss:0.8587261522196072