Average_iou:0.8800875257731947
Average_dice:0.9285573711340211
Average_Accuracy:0.9989838659793934
Average_recall:0.934024072164947
Average_precision:0.9235027835051518
