Average_iou:0.17803322580645164
Average_dice:0.16626838709677413
Average_diceloss:0.833731612903226
Average_recall:0.19707741935483875
Average_precision:0.15700290322580643