Average_iou:0.05639222222222222
Average_dice:0.0966911111111111
Average_diceloss:0.9033088888888892
Average_recall:0.08016444444444445
Average_precision:0.2872233333333334