Average_iou:0.9076760049474342
Average_dice:0.9505189239332089
Average_Accuracy:0.9987309833024209
Average_recall:0.9574679035250475
Average_precision:0.9448907854050704