iou:0.01264273988
diceloss:0.99999964875

