Average_iou:0.07765111111111112
Average_dice:0.13184111111111108
Average_diceloss:0.8681588888888894
Average_recall:0.11219222222222229
Average_precision:0.30681333333333327