Average_iou:0.28324340320591856
Average_dice:0.36487842170160256
Average_diceloss:0.6338885326757099
Average_recall:0.35102688039457475
Average_precision:0.4446289765721333