Average_iou:0.14122677419354845
Average_dice:0.161241935483871
Average_diceloss:0.838758064516129
Average_recall:0.12869387096774193
Average_precision:0.27026838709677425