Average_iou:0.28945585696670756
Average_dice:0.36818384710234237
Average_diceloss:0.6305831072749695
Average_recall:0.3413874229346486
Average_precision:0.458501726263872