Average_iou:0.2876807644882858
Average_dice:0.36563859432799034
Average_diceloss:0.6331283600493208
Average_recall:0.34862515413070294
Average_precision:0.4578787916152901