Average_iou:0.25060489931332397
Average_dice:0.31100212174986563
Average_Accuracy:0.9957638685286899
Average_recall:0.3680702414937116
Average_precision:0.29794238870457584