Average_iou:0.9033377241805817
Average_dice:0.9464199752628331
Average_Accuracy:0.9987384044526987
Average_recall:0.9541998144712438
Average_precision:0.9397952999381566