Average_iou:0.30167447595561026
Average_dice:0.37971504315659677
Average_diceloss:0.6190519112207156
Average_recall:0.34379580764488293
Average_precision:0.4813833538840937