Average_iou:0.9220546790409909
Average_dice:0.958754343903068
Average_Accuracy:0.9992240783707099
Average_recall:0.9640044083526658
Average_precision:0.9541505284867227