Average_iou:0.9192012987012973
Average_dice:0.957165058750775
Average_Accuracy:0.9988405689548657
Average_recall:0.9644555349412485
Average_precision:0.9507980210265926