Average_iou:0.2876600493218248
Average_dice:0.3621177558569672
Average_diceloss:0.6366491985203441
Average_recall:0.33824217016029595
Average_precision:0.4384086313193592