Average_iou:0.923426901669759
Average_dice:0.9596231910946196
Average_Accuracy:0.9988716141001969
Average_recall:0.9658167594310447
Average_precision:0.9539935683364257