Average_iou:0.9193838589981453
Average_dice:0.9573249845392698
Average_Accuracy:0.9988549783549899
Average_recall:0.964741063698206
Average_precision:0.9506967223252961