Average_iou:0.05567111111111111
Average_dice:0.09769777777777777
Average_diceloss:0.9023022222222219
Average_recall:0.07960888888888891
Average_precision:0.2947788888888889