Average_iou:0.19292736440382172
Average_dice:0.21608506669189145
Average_diceloss:0.7839149333081087
Average_recall:0.1760347258887233
Average_precision:0.3510475672041039