Average_iou:0.10650629706466695
Average_dice:0.17925590845283132
Average_diceloss:0.8207440915471687
Average_recall:0.14186683070710554
Average_precision:0.34113038526303996