Average_iou:0.9192209029066178
Average_dice:0.957232282003711
Average_Accuracy:0.9988539888682856
Average_recall:0.9634769944341345
Average_precision:0.9517559059987623