Average_iou:0.8748895414734675
Average_dice:0.9235096342091692
Average_Accuracy:0.9989689850592556
Average_recall:0.9297600206079338
Average_precision:0.9179073158165916