iou:0.16980081783366738
diceloss:0.9999260796304541

