Average_iou:0.12040645161290323
Average_dice:0.1199609677419355
Average_diceloss:0.8800390322580642
Average_recall:0.10438935483870969
Average_precision:0.1717325806451613
