Average_iou:0.28250169491525423
Average_dice:0.3607614791987673
Average_Accuracy:0.994151155624037
Average_recall:0.44529753466872113
Average_precision:0.34124961479198784