Average_iou:0.3939145499383481
Average_dice:0.44334771886559804
Average_diceloss:0.555419235511714
Average_recall:0.41687016029593116
Average_precision:0.5337630086313195