Average_iou:0.36225980271270025
Average_dice:0.4097340320591865
Average_diceloss:0.5890329223181252
Average_recall:0.3968672009864368
Average_precision:0.49387903822441453