Average_iou:0.3508694204685575
Average_dice:0.40519790382244114
Average_diceloss:0.5935690505548709
Average_recall:0.3912459926017261
Average_precision:0.4813464858199754