Average_iou:0.3883923551171393
Average_dice:0.44161220715166466
Average_diceloss:0.6033101109741061
Average_recall:0.42835055487053036
Average_precision:0.512154623921085