Average_iou:0.331081398252185
Average_dice:0.38258789013732836
Average_diceloss:0.616163670411985
Average_recall:0.36176217228464413
Average_precision:0.47303932584269676