Average_iou:0.9214238095238099
Average_dice:0.9584573283858986
Average_Accuracy:0.9988643784786762
Average_recall:0.9651402597402569
Average_precision:0.9525197278911565