Average_iou:0.033041935483870966
Average_dice:0.03901354838709678
Average_diceloss:0.9609864516129034
Average_recall:0.03300387096774195
Average_precision:0.06413870967741936
