Average_iou:0.3133384710234281
Average_dice:0.39964500616522797
Average_diceloss:0.5991219482120839
Average_recall:0.37156189889025915
Average_precision:0.4950850801479663