Average_iou:0.3076332922318128
Average_dice:0.39061886559802683
Average_diceloss:0.6081480887792846
Average_recall:0.3576230579531449
Average_precision:0.4892821208384712