Average_iou:0.9219957731958778
Average_dice:0.9588859536082462
Average_Accuracy:0.9992452577319505
Average_recall:0.9641502835051545
Average_precision:0.9543893814432984