Average_iou:0.2929506781750923
Average_dice:0.36438754623921105
Average_diceloss:0.6343794081381003
Average_recall:0.33830530209617754
Average_precision:0.4453197287299629