Average_iou:0.07661095184652233
Average_dice:0.1306690315954319
Average_diceloss:0.8693309684045686
Average_recall:0.11365421317421646
Average_precision:0.31170965320721733