Average_iou:0.9213833462232532
Average_dice:0.9585828564062899
Average_Accuracy:0.9992345965454951
Average_recall:0.9650533642691423
Average_precision:0.9528705336426916