Average_iou:0.9056772418058148
Average_dice:0.9497277056277063
Average_Accuracy:0.9987236239950598
Average_recall:0.9527252937538656
Average_precision:0.9475897340754471