Average_iou:0.9198203463203459
Average_dice:0.9576438466295605
Average_Accuracy:0.9988517006802827
Average_recall:0.9643209029066154
Average_precision:0.9516081014223884