Average_iou:0.9183093382807671
Average_dice:0.9568042053184913
Average_Accuracy:0.9988392702535656
Average_recall:0.9642541743970325
Average_precision:0.9500680890538025