Average_iou:0.10892032258064513
Average_dice:0.11498064516129033
Average_diceloss:0.8850193548387096
Average_recall:0.10118161290322583
Average_precision:0.1764187096774194