Average_iou:0.06053111111111111
Average_dice:0.10355222222222221
Average_diceloss:0.8964477777777775
Average_recall:0.08822666666666666
Average_precision:0.25360222222222223