Average_iou:0.9068795918367346
Average_dice:0.9494580086580087
Average_Accuracy:0.9987160791589466
Average_recall:0.9568901669758819
Average_precision:0.942945145330858