Average_iou:0.9228523588553773
Average_dice:0.9594367104923945
Average_Accuracy:0.9992384635215166
Average_recall:0.9650182263469981
Average_precision:0.9544936839391597