Average_iou:0.19324806451612903
Average_dice:0.20212580645161293
Average_diceloss:0.7978741935483872
Average_recall:0.16420645161290326
Average_precision:0.3118770967741935