Average_iou:0.21500587540067673
Average_dice:0.23494530297611174
Average_diceloss:0.765054697023888
Average_recall:0.19331523030828068
Average_precision:0.37773058105723245