Average_iou:0.9214850000000012
Average_dice:0.9585903092783509
Average_Accuracy:0.9992291237113342
Average_recall:0.9646602835051546
Average_precision:0.9533626804123722