Average_iou:0.27463083645443226
Average_dice:0.3497850187265919
Average_diceloss:0.6489665418227217
Average_recall:0.3277893882646692
Average_precision:0.4437219725343323