Average_iou:0.41847077681874256
Average_dice:0.4590413070283601
Average_diceloss:0.5397256473489519
Average_recall:0.43638397040690535
Average_precision:0.5434286066584464