Average_iou:0.4007205918618988
Average_dice:0.4346131935881631
Average_diceloss:0.5641537607891487
Average_recall:0.4225938347718867
Average_precision:0.5145752157829842