Average_iou:0.3937064118372381
Average_dice:0.4326847102342783
Average_diceloss:0.5660822441430337
Average_recall:0.4239526510480885
Average_precision:0.5008236744759557