Average_iou:0.42907127003699147
Average_dice:0.4680372379778051
Average_diceloss:0.6033101109741061
Average_recall:0.46121245376078934
Average_precision:0.5273765721331689