Average_iou:0.3681684144818978
Average_dice:0.40676192259675414
Average_diceloss:0.5919896379525592
Average_recall:0.3840789013732833
Average_precision:0.49621036204744084