Average_iou:0.922837268041236
Average_dice:0.9594080412371132
Average_Accuracy:0.9992505412371069
Average_recall:0.9644865979381431
Average_precision:0.9549920103092787