Average_iou:0.3103475955610358
Average_dice:0.395456843403206
Average_diceloss:0.6033101109741061
Average_recall:0.37686633785450047
Average_precision:0.47502712700369903