Average_iou:0.28867842170160296
Average_dice:0.35825314426633775
Average_diceloss:0.6405138101109736
Average_recall:0.32914734895191106
Average_precision:0.44070924784216986