Average_iou:0.92234873222016
Average_dice:0.9590015460729754
Average_Accuracy:0.9988712430426838
Average_recall:0.965213914656769
Average_precision:0.9534573902288187