Average_iou:0.09792935483870967
Average_dice:0.09002580645161291
Average_diceloss:0.9099741935483873
Average_recall:0.08187741935483869
Average_precision:0.1189993548387097