Average_iou:0.9166022881880022
Average_dice:0.9558437847866416
Average_Accuracy:0.9988252319109552
Average_recall:0.9632068027210875
Average_precision:0.949260729746443