Average_iou:0.3098651048088782
Average_dice:0.39348877928483394
Average_diceloss:0.6052781750924782
Average_recall:0.363878545006165
Average_precision:0.4906125770653516