Average_iou:0.9212090463917522
Average_dice:0.9585047938144328
Average_Accuracy:0.9992341494845299
Average_recall:0.9643508247422686
Average_precision:0.953373788659793