Average_iou:0.9061543599257892
Average_dice:0.949439332096474
Average_Accuracy:0.9987900432900542
Average_recall:0.9563920222634517
Average_precision:0.9432469387755105