Average_iou:0.878595979381443
Average_dice:0.9272383505154627
Average_Accuracy:0.9989513402061946
Average_recall:0.9329703092783497
Average_precision:0.9219448453608243