Average_iou:0.13560859989587423
Average_dice:0.18579667465541333
Average_diceloss:0.8142033253445867