Average_iou:0.2971914919852037
Average_dice:0.3807574599260173
Average_diceloss:0.6180094944512945
Average_recall:0.35735252774352655
Average_precision:0.473681381011097