Average_iou:0.9186431045145336
Average_dice:0.9568600494743341
Average_Accuracy:0.998848546691415
Average_recall:0.9642385899814462
Average_precision:0.9504205936920244