Average_iou:0.19986290322580644
Average_dice:0.21223451612903224
Average_diceloss:0.7877654838709676
Average_recall:0.17961290322580642
Average_precision:0.31871258064516134
