iou:0.0039227518030619775
diceloss:0.9999988299341539

