Average_iou:0.9027952999381579
Average_dice:0.9458377241805814
Average_Accuracy:0.9987721706864692
Average_recall:0.9541717377860237
Average_precision:0.9394088435374137