Average_iou:0.8782811855670118
Average_dice:0.9266640206185559
Average_Accuracy:0.998979278350525
Average_recall:0.9322872680412361
Average_precision:0.9213171134020605