Average_iou:0.1049390322580645
Average_dice:0.11103064516129034
Average_diceloss:0.8889693548387098
Average_recall:0.09498967741935486
Average_precision:0.16766838709677412