Average_iou:0.8792336082474215
Average_dice:0.927854329896906
Average_Accuracy:0.9989455154639264
Average_recall:0.9336644329896912
Average_precision:0.9224828350515466