Average_iou:0.021286774193548387
Average_dice:0.0360683870967742
Average_diceloss:0.25425419354838724
Average_recall:0.029526774193548388
Average_precision:0.08283451612903225