iou:0.0093089
diceloss:0.999999


