Average_iou:0.3003244143033293
Average_dice:0.3855607891491982
Average_diceloss:0.6132061652281138
Average_recall:0.35482848335388395
Average_precision:0.48333748458693