Average_iou:0.056964444444444456
Average_dice:0.09736444444444446
Average_diceloss:0.9026355555555554
Average_recall:0.08252222222222223
Average_precision:0.289668888888889