Average_iou:0.16410354838709676
Average_dice:0.1709125806451613
Average_diceloss:0.8290874193548384
Average_recall:0.14118774193548392
Average_precision:0.27029774193548384