Average_iou:0.1931748387096774
Average_dice:0.2053025806451613
Average_diceloss:0.794697419354839
Average_recall:0.1653103225806451
Average_precision:0.3258406451612903