iou:0.1510006867359739
diceloss:0.9999221345468965

